4.0
3.75
2.8
3.4
2.4
1.333
4.6
3.8
4.2
2.6
4.4
4.2
5.0
5.0
5.0
3.4
5.0
4.0
3.2
5.0
4.4
3.6
3.6
0.8
1.4
3.2
3.8
4.2
3.0
3.6
3.0
3.0
3.0
4.8
2.5
2.25
3.5
3.5
3.0
3.0
3.667
1.667
3.6
3.8
3.4
3.4
3.8
2.8
3.75
4.4
3.75
2.75
3.75
2.25
3.8
3.2
3.8
4.8
4.0
1.4
4.2
1.8
4.2
2.0
2.6
3.25
5.0
3.0
3.75
4.25
4.75
3.25
3.75
3.25
3.8
5.0
3.6
3.8
2.0
3.4
4.2
3.4
3.0
3.0
3.25
2.75
2.6
3.4
3.6
3.6
4.8
4.0
3.6
3.4
2.4
4.222
3.0
3.0
2.75
4.0
1.75
1.75
4.5
3.25
5.0
3.0
2.8
2.667
4.0
4.4
4.25
4.176
3.0
2.5
3.8
4.6
1.4
2.8
2.8
4.2
1.0
4.2
2.75
2.5
3.5
4.75
3.0
3.5
4.0
2.0
3.2
3.6
3.8
5.0
4.0
3.0
2.5
3.0
4.0
2.0
3.0
2.625
3.2
4.0
3.2
2.4
4.4
3.6
2.4
3.6
4.6
4.4
4.4
4.6
4.4
2.6
3.6
4.2
3.2
2.0
2.8
1.6
3.4
4.0
2.6
2.8
3.0
3.6
5.0
3.4
4.0
4.0
3.5
4.5
3.2
3.8
3.2
4.0
3.25
3.0
4.25
1.5
4.25
4.25
0.75
3.0
3.5
3.75
4.0
1.75
1.75
3.75
4.0
2.0
3.4
1.4
4.8
2.0
3.4
2.4
3.4
4.8
2.6
2.4
2.6
2.8
4.4
3.2
2.4
4.0
3.25
4.0
2.75
4.0
3.6
3.6
4.4
3.8
4.2
3.6
4.6
3.6
3.25
4.0
4.5
2.5
3.75
4.0
1.5
3.75
3.455
5.0
3.75
4.0
2.5
0.25
1.75
5.0
3.833
3.75
3.25
2.75
3.0
4.4
3.2
4.6
3.6
4.4
3.4
4.056
3.5
5.0
3.0
3.75
4.0
4.0
4.75
3.75
3.8
4.0
3.5
3.0
3.176
4.2
3.4
4.6
4.0
4.0
3.25
3.643
3.6
4.0
1.0
3.4
1.75
3.0
3.25
2.75
3.4
3.6
3.2
3.2
2.8
2.4
3.4
3.6
3.8
3.4
4.8
3.8
3.333
2.5
3.5
1.9
3.0
3.6
2.4
3.2
2.0
3.8
3.0
3.692
3.0
3.0
2.75
3.25
3.25
3.75
3.6
3.5
5.0
3.75
3.0
4.0
3.333
3.333
4.667
3.333
2.6
2.4
3.857
1.8
3.6
2.4
3.0
2.0
1.6
4.0
3.6
3.8
4.4
3.0
3.8
3.0
4.25
1.273
1.0
3.0
4.0
3.5
4.0
3.25
2.0
1.0
3.0
2.6
2.6
4.6
3.2
3.0
4.75
2.75
4.5
2.75
2.2
3.0
2.4
3.0
3.0
4.0
2.588
3.6
4.667
3.333
2.333
3.333
3.0
2.25
2.5
3.25
4.0
4.5
3.5
4.75
2.0
3.6
2.769
3.4
4.0
3.5
2.0
4.0
2.8
1.4
4.0
3.2
1.8
3.4
4.733
1.6
3.2
4.8
1.4
2.6
3.5
3.75
3.25
1.75
3.0
3.5
3.25
0.5
2.25
4.0
3.25
4.25
2.4
2.4
4.0
3.0
3.4
3.8
4.0
3.2
3.5
2.5
4.5
4.5
3.6
2.8
4.8
0.8
4.091
2.25
5.0
3.75
3.667
2.667
3.333
3.0
3.444
3.8
3.0
3.6
3.75
5.0
3.0
3.25
3.4
3.8
3.6
3.4
3.6
2.4
2.4
2.4
4.5
0.889
3.25
4.75
4.75
4.0
3.5
5.0
3.6
3.0
3.8
3.0
1.8
4.8
3.8
3.6
4.0
4.6
3.8
4.8
2.0
3.2
2.2
4.0
4.2
2.0
1.2
4.0
3.0
0.8
2.8
3.0
3.8
4.4
2.6
1.4
3.2
1.6
3.0
3.273
4.0
3.25
3.25
5.0
3.5
3.417
1.75
2.7
2.75
3.75
3.75
4.111
3.6
4.0
4.2
3.75
3.8
4.4
3.6
4.6
1.667
4.0
4.333
3.0
3.5
3.5
2.0
3.75
2.0
4.333
1.8
2.667
3.8
3.2
2.8
2.2
4.333
2.0
3.0
2.333
3.25
2.25
3.5
2.25
0.75
4.0
3.5
5.0
3.75
3.75
4.25
4.5
4.0
3.25
0.75
2.75
4.0
3.4
2.2
3.4
3.4
2.6
3.4
3.6
3.25
5.0
4.25
3.4
4.25
3.25
4.25
3.75
3.667
4.333
3.909
3.933
3.75
3.75
4.25
4.25
3.5
4.75
3.25
2.75
3.0
3.8
3.4
3.857
4.0
3.4
3.2
3.0
3.2
3.6
1.6
3.8
2.6
1.6
2.0
3.6
4.5
4.0
3.0
2.5
3.5
3.0
3.769
3.4
1.8
3.0
3.0
3.4
4.25
3.25
4.0
4.0
4.0
3.625
4.25
3.5
4.0
3.2
3.4
4.0
3.4
2.8
3.6
4.8
3.8
2.4
1.6
3.2
3.8
4.2
5.0
3.4
1.0
3.333
4.0
3.333
3.2
4.0
3.8
2.2
3.75
3.0
1.25
3.25
3.333
2.0
3.0
2.667
3.667
3.667
4.333
1.333
2.2
1.2
4.4
3.4
4.2
3.0
3.4
4.8
2.75
4.0
1.0
4.25
3.0
3.5
4.25
4.0
1.75
3.067
3.25
3.75
2.25
2.5
3.75
3.25
4.0
4.0
3.444
2.75
4.6
2.8
4.8
0.6
2.75
2.75
3.25
3.25
2.5
2.25
1.5
3.0
3.8
4.308
3.4
3.2
3.5
3.75
1.75
1.25
3.4
1.2
3.8
3.2
3.5
4.75
3.5
2.0
2.8
1.4
2.0
4.8
3.8
4.6
1.4
3.6
3.0
1.6
4.0
2.4
3.5
0.75
5.0
5.0
4.0
3.0
1.333
3.667
3.091
3.8
4.4
4.8
3.0
2.667
4.0
3.0
4.0
5.0
3.4
3.4
3.857
2.75
4.0
1.5
3.75
2.75
4.0
1.5
1.8
4.0
3.0
3.6
3.4
3.0
2.6
3.2
3.5
3.25
3.75
3.25
5.0
5.0
0.3
0.6
4.2
3.6
5.0
2.75
5.0
3.75
5.0
1.25
5.0
4.25
3.4
1.6
5.0
3.6
5.0
2.6
5.0
3.2
4.8
5.0
5.0
2.2
5.0
4.25
5.0
2.5
2.8
2.8
2.8
2.8
5.0
4.8
2.4
4.2
5.0
5.0
5.0
3.75
3.8
2.0
2.0
1.583
1.778
2.0
2.0
2.0
3.2
3.8
4.4
5.0
5.0
3.5
4.0
3.5
4.4
3.8
2.6
3.0
5.0
5.0
3.667
2.333
2.5
5.0
3.824
4.0
4.4
0.2
5.0
5.0
4.0
1.6
5.0
4.6
5.0
2.375
2.6
2.6
2.6
2.2
1.7
3.4
2.0
4.0
3.25
4.5
2.6
2.0
1.8
1.556
4.5
4.0
4.5
5.0
4.2
1.6
0.5
1.4
1.6
4.4
1.8
2.2
2.6
2.4
1.6
3.0
2.0
2.0
3.8
4.0
3.0
4.4
4.8
4.8
2.5
2.0
0.75
0.727
0.0
1.25
1.25
1.25
0.5
3.25
1.333
1.0
1.4
1.333
5.0
4.0
3.0
4.4
2.0
2.167
1.4
1.2
1.2
2.2
1.25
5.0
4.0
4.0
3.2
2.0
2.2
3.2
1.5
4.75
0.5
0.067
1.6
2.6
4.875
5.0
2.0
1.4
1.4
3.6
0.8
3.8
2.0
1.6
3.0
3.615
3.75
0.5
4.0
4.0
3.333
1.5
4.4
4.857
2.875
0.8
5.0
2.2
0.2
0.4
0.2
1.8
1.6
1.3
1.2
1.2
0.2
1.2
3.0
3.5
3.5
2.0
4.4
5.0
0.0
3.2
3.25
0.0
1.0
3.667
3.0
4.2
5.0
4.091
1.8
2.0
2.8
1.0
3.8
4.0
1.4
1.8
5.0
0.4
4.4
1.0
3.0
1.2
3.2
2.6
4.6
3.4
2.0
4.0
4.2
3.8
3.4
3.8
4.4
4.2
4.6
1.2
1.2
0.8
3.2
4.0
2.6
4.4
4.2
3.2
3.4
4.0
4.8
0.2
1.8
2.6
2.8
5.0
0.25
3.75
1.75
3.5
3.4
1.4
1.4
1.0
1.8
4.6
0.4
3.6
3.25
0.778
1.25
0.75
1.5
1.0
3.75
3.25
4.0
3.0
1.667
3.333
2.25
0.5
2.75
2.0
0.833
3.75
4.0
3.25
2.75
1.0
3.5
3.75
4.4
0.4
0.4
4.2
2.5
0.25
0.25
0.25
3.8
2.6
2.6
2.0
1.8
0.0
1.2
3.8
3.6
1.8
1.2
3.2
2.2
0.8
1.6
2.8
0.583
3.2
0.8
3.8
0.0
0.667
5.0
4.333
4.214
1.8
0.4
2.0
2.8
0.8
0.8
0.4
0.25
0.75
0.75
1.0
0.0
0.8
3.4
2.769
2.8
3.2
4.2
2.4
4.4
1.8
0.8
1.4
2.25
0.25
3.25
4.5
4.2
0.8
0.8
0.8
0.25
3.5
2.75
4.25
0.5
0.5
0.0
0.5
0.6
2.2
3.2
4.4
3.0
2.25
2.583
0.0
0.0
1.8
0.0
1.4
0.0
0.4
0.0
0.0
3.0
2.0
2.2
1.2
0.0
1.0
1.533
1.667
1.0
0.308
0.0
0.2
4.2
2.6
3.0
3.8
0.75
0.25
0.75
3.0
0.4
0.4
0.4
4.2
3.5
3.5
3.0
3.75
3.4
3.4
3.6
3.8
1.0
1.4
3.4
3.6
2.8
4.0
3.2
3.4
2.333
2.667
3.0
4.667
3.2
1.6
3.0
0.2
0.8
1.2
0.8
0.8
0.75
0.0
0.25
3.25
4.0
3.0
3.333
3.333
2.0
3.0
3.75
4.0
3.0
2.0
3.75
0.0
0.4
0.4
3.2
0.4
2.0
0.0
0.0
0.0
0.5
4.5
0.5
0.5
0.5
4.0
3.75
4.25
3.75
2.75
3.25
3.0
0.8
0.4
0.4
0.4
0.25
0.25
0.75
0.25
4.8
0.8
0.0
3.0
0.75
3.75
2.5
0.0
0.25
0.0
3.5
3.25
0.4
0.8
1.8
1.6
1.2
4.2
0.2
0.2
0.5
0.0
4.5
0.0
2.5
0.75
4.0
2.75
3.4
3.4
0.4
0.4
3.2
2.4
3.0
0.4
0.5
3.929
3.0
1.75
0.0
0.4
2.2
2.6
3.5
0.5
3.5
0.0
0.0
0.0
1.0
2.0
1.2
0.6
0.8
4.0
0.5
2.5
2.75
3.25
2.0
0.8
0.0
0.4
0.6
0.8
0.8
0.8
0.4
3.0
0.4
0.0
0.0
0.0
0.4
0.0
3.6
0.231
3.2
0.0
0.5
0.3
1.25
0.0
2.75
5.0
0.75
1.25
0.0
0.0
0.75
3.75
2.333
5.0
0.0
3.2
0.75
0.5
2.5
1.75
4.0
0.0
1.333
4.6
4.0
1.2
4.2
3.8
3.0
0.2
3.0
2.2
1.4
0.0
2.8
3.8
3.8
4.4
0.0
3.0
0.5
2.75
1.75
0.0
0.0
1.0
1.8
1.6
2.333
2.0
0.333
1.0
0.0
0.0
3.0
1.5
0.4
0.4
2.8
0.167
0.5
3.25
0.0
0.0
0.0
0.0
0.4
0.0
1.0
1.25
0.25
4.25
0.118
1.0
0.4
0.0
0.0
2.5
0.75
3.0
1.6
2.6
2.6
0.0
0.0
0.0
4.25
0.0
0.0
1.0
0.0
3.5
2.4
2.6
0.6
0.1
0.0
3.75
0.0
0.0
0.4
0.4
2.6
2.0
1.75
3.75
0.0
0.75
0.0
0.0
4.0
0.0
0.8
3.4
3.1
0.0
2.75
2.0
0.25
2.692
3.333
3.0
0.667
3.5
4.429
5.0
3.2
0.333
3.333
3.333
1.0
0.188
2.2
0.0
0.0
0.4
0.0
0.25
2.25
0.25
0.8
2.6
1.2
3.2
1.4
0.364
0.2
2.75
3.2
0.6
3.8
3.4
1.5
2.5
0.0
5.0
4.333
1.333
0.333
3.333
4.2
0.8
1.0
0.0
2.8
1.5
0.0
0.0
0.6
1.2
0.0
0.0
3.0
0.0
0.6
1.0
1.75
0.0
0.0
0.0
1.0
0.0
3.5
0.0
0.0
0.0
2.75
2.5
3.4
2.2
1.8
0.0
0.75
0.0
0.0
0.0
0.0
0.0
0.0
0.8
4.2
4.25
4.8
4.8
4.0
4.8
3.75
4.8
4.0
4.8
4.8
4.2
4.5
4.0
4.0
4.0
3.8
5.0
4.8
4.8
4.4
3.5
4.8
3.0
5.0
4.4
3.0
3.4
3.6
4.6
4.4
4.2
4.8
4.2
3.6
4.4
4.6
4.6
4.0
4.8
4.4
5.0
5.0
4.0
4.8
3.6
5.0
4.2
5.0
4.2
4.857
4.667
4.0
4.4
4.4
4.6
3.8
2.8
4.6
4.6
3.25
4.0
4.25
5.0
4.8
4.4
4.2
3.4
4.25
4.75
5.0
4.25
4.6
3.2
4.8
4.6
3.2
4.0
4.0
5.0
4.8
4.2
4.0
4.8
3.8
5.0
4.2
4.0
4.9
4.4
4.2
4.4
1.0
4.2
3.2
5.0
4.6
4.0
5.0
5.0
4.6
4.2
3.8
4.8
4.6
5.0
4.4
4.4
4.4
5.0
3.571
3.6
3.6
4.4
4.8
4.0
4.4
5.0
4.6
2.4
1.4
4.6
4.5
3.75
5.0
4.0
4.4
4.8
4.2
3.8
3.8
4.2
4.2
3.6
4.25
4.0
4.75
4.6
4.4
4.4
4.2
3.4
4.0
3.6
4.4
4.0
3.8
5.0
4.6
3.2
4.0
0.0
3.8
5.0
4.2
4.2
4.6
5.0
4.4
1.8
2.8
5.0
4.857
4.0
5.0
3.8
3.4
4.4
4.6
4.8
3.8
0.0
5.0
4.6
5.0
4.6
3.5
3.75
3.75
5.0
3.6
4.6
4.0
5.0
4.8
4.4
4.6
4.8
4.4
4.2
4.4
4.8
4.8
4.8
4.8
4.8
5.0
4.8
5.0
4.6
3.4
3.6
4.8
4.2
5.0
4.0
5.0
5.0
4.2
4.4
4.2
5.0
5.0
4.4
4.0
5.0
4.8
4.0
5.0
4.4
4.375
3.6
4.75
4.5
4.5
4.5
4.6
5.0
4.6
4.6
3.75
5.0
3.75
4.25
4.6
4.6
0.0
4.0
4.6
4.6
5.0
4.2
4.8
4.4
4.4
4.8
4.8
4.6
5.0
4.6
4.6
4.6
4.8
4.8
4.4
5.0
4.2
5.0
5.0
4.8
4.8
4.0
5.0
3.4
4.0
4.4
4.4
4.6
4.5
3.2
4.857
4.0
4.111
4.6
4.2
5.0
4.0
4.2
4.8
5.0
4.4
3.8
3.6
5.0
4.8
4.6
4.2
4.4
4.833
4.8
5.0
2.8
3.2
3.8
4.0
0.0
4.8
4.2
3.6
4.8
4.2
3.2
1.6
4.2
4.4
5.0
4.0
4.4
4.2
5.0
4.0
4.2
5.0
4.0
5.0
4.6
5.0
4.8
3.8
3.4
5.0
2.6
3.4
3.2
3.8
5.0
4.0
4.4
3.4
4.2
4.6
4.0
4.0
4.0
0.0
2.8
4.4
4.2
4.6
4.167
4.2
3.2
4.2
4.6
3.2
4.6
4.8
4.4
4.4
4.667
4.4
4.8
3.8
4.8
4.0
4.6
4.6
5.0
4.75
4.8
4.75
4.833
4.8
4.6
4.714
4.6
4.2
4.8
3.6
4.6
5.0
4.6
4.6
4.6
4.2
4.6
4.2
4.2
4.25
4.5
4.0
5.0
4.2
4.6
4.0
5.0
4.5
4.5
4.25
4.75
4.25
3.75
4.0
4.5
5.0
3.6
4.4
5.0
3.0
4.0
4.2
4.2
4.571
4.6
4.2
4.6
4.8
4.6
4.8
4.8
4.4
5.0
4.6
4.0
4.2
5.0
4.5
4.6
5.0
4.25
4.0
3.25
5.0
5.0
3.6
5.0
4.5
5.0
4.75
3.2
4.0
4.6
3.8
4.2
3.8
4.0
4.6
4.4
4.6
4.4
4.4
3.25
3.75
4.25
4.25
4.2
4.8
3.4
4.6
4.6
4.8
3.8
4.6
4.8
4.2
4.0
4.0
4.75
3.5
4.4
3.8
4.0
4.6
5.0
4.6
4.4
4.8
4.6
4.8
4.0
4.4
4.8
4.4
4.8
4.2
4.6
4.8
4.4
4.2
4.8
4.8
4.8
4.2
4.6
3.6
3.6
4.4
4.6
4.6
4.8
4.8
4.4
4.6
4.4
4.0
4.8
4.4
4.4
4.4
2.0
4.4
4.8
4.8
4.4
4.0
4.0
4.2
4.25
3.8
4.4
4.4
4.6
4.8
3.8
4.0
3.4
4.4
5.0
5.0
4.2
4.6
4.2
4.4
4.4
4.4
4.6
4.4
4.4
4.6
2.8
4.6
4.8
4.25
4.8
3.6
5.0
4.4
4.4
4.2
4.6
0.0
2.4
4.4
4.2
2.8
4.8
4.8
3.4
4.6
4.0
4.4
4.4
4.6
4.0
3.4
4.2
5.0
4.4
4.2
4.2
3.8
3.6
4.4
4.6
3.2
4.4
4.6
4.8
3.8
4.8
4.6
4.8
4.2
4.4
4.8
4.6
2.5
4.8
4.4
5.0
3.8
4.4
4.4
4.4
3.4
5.0
3.8
4.6
4.6
4.8
5.0
4.2
4.4
4.2
4.8
5.0
4.8
5.0
4.8
4.0
5.0
5.0
4.4
4.6
4.4
4.6
4.2
4.0
4.6
3.6
4.4
3.6
4.8
4.4
4.6
5.0
4.8
4.6
4.6
4.4
4.8
4.8
4.8
4.2
4.4
4.6
4.2
4.4
4.2
5.0
5.0
3.2
5.0
3.4
5.0
5.0
5.0
4.2
3.8
4.6
3.2
3.4
4.0
5.0
3.8
4.4
4.4
4.6
4.4
4.8
4.2
4.6
5.0
4.4
4.2
4.4
3.0
4.8
4.2
4.4
4.2
4.8
4.6
4.4
4.6
3.8
4.6
4.8
4.8
3.8
4.2
4.4
4.4
4.6
4.6
4.6
4.4
4.6
4.4
4.6
4.4
5.0
4.6
4.6
5.0
4.8
5.0
5.0
4.2
4.4
4.0
4.8
3.6
3.75
4.75
3.5
4.5
3.0
3.8
0.0
4.8
4.8
4.2
4.6
5.0
4.8
5.0
3.8
4.8
5.0
3.8
4.6
4.6
5.0
4.4
4.8
4.4
4.2
4.2
5.0
4.6
4.2
3.8
5.0
4.6
3.6
4.8
5.0
5.0
5.0
4.8
5.0
4.8
0.8
